# hemisphere observation directions: vza(deg) vaa(deg)
# vza=0 is written once because azimuth is physically undefined at zenith
0 0
10 0
10 30
10 60
10 90
10 120
10 150
10 180
10 210
10 240
10 270
10 300
10 330
20 0
20 30
20 60
20 90
20 120
20 150
20 180
20 210
20 240
20 270
20 300
20 330
30 0
30 30
30 60
30 90
30 120
30 150
30 180
30 210
30 240
30 270
30 300
30 330
40 0
40 30
40 60
40 90
40 120
40 150
40 180
40 210
40 240
40 270
40 300
40 330
50 0
50 30
50 60
50 90
50 120
50 150
50 180
50 210
50 240
50 270
50 300
50 330
60 0
60 30
60 60
60 90
60 120
60 150
60 180
60 210
60 240
60 270
60 300
60 330
70 0
70 30
70 60
70 90
70 120
70 150
70 180
70 210
70 240
70 270
70 300
70 330
80 0
80 30
80 60
80 90
80 120
80 150
80 180
80 210
80 240
80 270
80 300
80 330
90 0
90 30
90 60
90 90
90 120
90 150
90 180
90 210
90 240
90 270
90 300
90 330
